getInputValues: 2
66
-54
27
-114
39
25
6
-8
-31
37
42
-38
48
88
69
9
54
1
57
-84
29
22
-128
91
1508120616
1878925885
1927163137
1436635658
1915944977
2011108593
1161112701
1286239569
1353899654
1360488303
1431761263
1454956962
1166841669
2129540149
1091181398
1422465834
1782538654
1890882202
2037240323
1792804452
1983476542
1460864740
1377698547
1278687862
-1804669025
-1874274713
-1401544152
-2125367574
-1712088397
-1170882656
-1967198312
-1152664044
-1985228607
-1953065397
-1809596368
-1268280543
-1892073324
-1435679871
-1587819815
-1434788774
-1957172368
-1944278514
-1962673750
-1343100711
-1376786507
-2075070930
-1514815727
-1585439953
-1195270002
-2060141672
158500924
989923453
1943911489
1441572527
146725987
129342498
-597550088
1664290894
1695373098
1464179645
-724930572
-1523624104
1413828607
1876379012
1535726792
-2047438248
887631288
-462037656
-1749819368
599693051
225299195
365577133
-1487751774
-638221118
131611872
-340926276
-499062654
-1690646797
-580198444
-1042286025
1413557425
345096656
516607680
1444070734
-1804198706
-1024090357
1082992745
-1559836080
-806184928
1257827704
-1516648679
-2134872699
350452955
-1517090812
-1106293121
910995770
1814315682
1894283237
348107731
-750287588
-1675347635
-1225079278
-1926585283
-1482213687
Fuzzing time limit exceeded
Fuzzing time limit exceeded : 64
Execution time in milliseconds: 2310 ms, fuzztime 2000 ms
