getInputValues: 2
-26
-112
58
57
59
-54
-48
-40
-120
118
80
-88
-49
61
59
60
-5
124
36
-29
105
83
-79
70
-66
77
109
-116
-92
-16
122
-61
-83
12
78
117
1690316095
1657240602
1245755186
2049992363
1874212160
1889200194
1143720105
1520853764
1599022094
1326674027
1456311013
1648732886
1708096465
1224595461
1415156953
1248324715
1150375065
1765208474
1435330572
2088790083
1820542615
1877560955
1155460415
1695581071
1580046781
1417990898
1691448922
1250983412
1916942512
1414049454
1983759042
2100087770
1607198775
2143828037
1080658160
2143851645
-1289666141
-1369231849
-1411710123
-1203383279
-1194331437
-1254499869
-1578827350
-2069650956
-1580941129
-1212835565
-1242038800
-2079122765
-1710961015
-1571927857
-2099989103
-1229754843
-1319327418
-1664805323
-1664301407
-1942646337
-1921411508
-1080216966
-2092052261
-1858595248
-1494112558
-1725240620
-1761371478
-1531207008
-1899032814
-1860066056
-2031240545
-1163882192
-1471987449
-1105641766
-1512750035
-1381092707
-1999032310
-556087602
474827697
1906143615
-1434721256
-854555507
215010622
1482198699
970718666
831929639
-832339457
-7314737
68811061
-597579177
261789933
2101007440
-511620883
-1377455120
1583570456
27968318
360469963
1785753174
-996881902
814608108
1264727792
1288047664
1392518029
-2090131263
874079753
2030876507
-1917348030
-1906855856
-159714348
-639072991
-431232492
-344410970
-652869406
1407580586
422619509
1448441572
-273973603
977587890
1552449032
-1840907764
-1783202676
589033852
-1097759608
-1600017377
164988373
1793780741
-486289177
1761580134
1210962691
675032445
-281903174
-1189440752
69817353
-230758926
-152962605
-1342077443
1484576391
-1737070258
-1781772753
-1704696104
-277623733
-653767293
-1376336366
-1454590357
1230206489
-703481852
-7727248
44091693
-1417709905
-1006662026
-1643062897
-2001286880
-1255796222
1114406567
Fuzzing time limit exceeded
Fuzzing time limit exceeded : 93
Execution time in milliseconds: 3274 ms, fuzztime 3000 ms
