getInputValues: 2
-100
116
-123
-22
109
77
54
-2
13
-75
93
-5
6
116
-1
-72
47
27
44
-35
49
-32
14
-75
123
-80
-34
-29
-34
-6
27
0
-58
-13
-68
71
92
0
-123
111
121
113
-35
27
125
19
-85
-45
-115
-52
-35
-45
-105
50
30
-16
-25
14
68
-104
1223876647
1255546258
1214655716
1595569781
1412873931
1998790804
1837814727
1329305334
1448820084
1225999894
1887138085
1283922824
1220602434
2022007066
1911145928
1603457355
2128333410
1373217033
1544774532
1868172474
1542284137
1604306077
1160687944
2115528286
1343904064
1822228518
2061025888
2143513343
1295654847
1709971552
2118812268
2072887545
1628389376
1791635717
2070656127
2091794433
2045162069
1198706548
1093289852
1937079997
1273809831
1916637462
2009890010
1317818946
1490435914
1711281792
1111778584
1158005727
1087091828
1652990340
1641754308
1153366259
1121349670
1942349872
1473956457
2102890462
1818006087
1647876946
1596744179
1323102275
-1433704482
-1700060926
-1338891094
-1139601312
-1109503976
-1316486293
-1821186458
-1558893290
-1220495758
-1517841631
-1812065411
-1411844478
-1483104216
-1351270841
-1463912377
-1829850854
-2048963193
-2138236245
-1404937017
-1213675067
-2061406175
-1899748215
-1261472709
-1616552229
-1555532823
-1239568023
-1830215483
-1232847718
-1567073011
-2013227436
-1430287583
-1352413769
-1554663009
-1655799036
-2058482143
-1768980403
-1338300665
-1513091109
-1740671414
-1801839123
-2017596415
-1084751614
-1610705502
-1594976038
-1116723765
-1731183372
-1112954071
-1464742838
-1172370954
-1993148727
-1695605109
-1080053465
-1499743191
-1874686635
-1607856230
-1956739416
-1402128523
-1365074602
-1922745806
-1097699589
-1008258725
785345404
-1827462651
-942444148
350926573
1338016404
-1624244535
1196824807
203081623
1215009426
-810631498
582708908
1130062438
-20929520
1156651769
241073710
2129702735
-1992941370
-916814010
756761047
1523949634
-1479319288
-1012724983
11130443
-290254984
1729629586
-1914570271
-1109967923
-1476792560
-1202628216
-676905138
-1388426783
1991794137
75126967
1001468328
1445574963
-85281423
-1663764960
1480073298
-395155529
1384572302
-1287827785
313004335
834353936
-1114525541
2081518696
-2144050859
-2070002379
-1703764602
-794567334
1798847745
1534398290
1790227160
734987126
85074633
1453338347
481251077
-22742998
-464001513
231770439
-764169723
-107089815
-1960581931
924248331
-1357837278
458558710
-535600027
-73086428
-771086829
-1055726878
26823124
728989674
-487262646
-78018477
-708337330
-55240318
1173206922
1906190726
-1813665581
1682221187
-99855173
-661100010
407851562
-8270373
111427073
-1773136259
695627798
1214099699
1476655882
-1701451301
1840054983
270386449
-1309995353
-1440977930
-538749037
1455096062
1916927902
-1707988095
1023143909
-1173721880
-620127555
57596065
-2029886603
1128671881
1815331378
1186530220
649179577
157047687
-26649062
-366836685
-376850790
1423673886
602292823
511036482
-1837451669
-173377540
1036852646
-80827418
-1742129898
-1254918293
1877132783
-1052948241
490441880
260682421
2076276191
1436176118
4585134
361825731
-1266036812
2141166497
-654246448
-543732217
-434063017
747170597
-759068322
-984066917
-999922257
-1380693748
-1509095
-2074888534
1623465779
1114786103
578225108
435056654
875800513
749882662
307121514
-1034949574
-1967373906
-2116593289
760735730
-779828902
-393300451
314982316
1472279601
-395347528
1235938452
1611014193
1985140048
-323874975
-1467029556
349735068
1637264334
-1606353400
-535282745
-155274698
-1318188105
1425739561
-306294488
1513465017
2098766357
11486321
Fuzzing time limit exceeded
Fuzzing time limit exceeded : 176
Execution time in milliseconds: 5247 ms, fuzztime 5000 ms
