getInputValues: 2
93
15
-99
9
107
-40
52
7
115
-61
-90
-73
-33
72
72
-128
-110
105
66
111
-73
-63
16
60
-114
-92
107
86
-84
-78
-58
-28
24
-75
-76
-19
1882179551
1463392427
1269480288
2038073155
1312361621
1158115880
1410905922
1286240890
1908628413
1562765342
1980021472
1957251835
1454370953
2127166433
1593291725
1352331050
1237939954
1689114646
1980747947
1975955773
1342055823
1290454766
1678646656
1363507268
1907817420
1412361610
1102021596
1887704456
2068620296
1115900768
2094640756
1301681500
1932163523
1776713009
1572098587
1868928117
-1749011507
-1961835543
-1353230077
-1294165787
-1426935258
-1161441251
-1404669029
-1456181376
-1504939935
-1171730217
-1383953366
-1599632238
-1430381633
-1634253022
-1148608725
-1479380645
-1739600662
-2120278852
-2094172291
-1457515266
-1246533955
-1078689937
-1799762390
-1699851858
-1388800020
-1940127706
-1166913789
-1339632164
-1540161248
-1802668519
-1677655949
-1088874188
-1821180030
-1943788083
-1895985255
-1687038453
738617770
-213701017
1694675215
-50285583
-2062024121
-1339766347
1660032890
1827822442
-1014999453
1821564501
1648671000
632119713
1640303035
1380676939
1470991634
132987255
1215208982
1181282607
-1106170645
541441759
1221631473
-1910796801
298432962
1974922452
475483486
433752624
904745428
1139900045
-1870330584
492195078
-498607547
849866735
-574120901
-1523179995
1820401951
285905219
921731906
1229013606
-17523814
1665442344
-559909231
-1019440658
-1672461155
1119594443
430041670
1170398077
-328966267
-1070501292
658216106
-1410356989
-2065292508
-469989981
-1523139876
-1743177352
1015255307
1267849531
-219470928
-28326932
-1480131316
668345214
-279128876
1680168925
2049771770
1683760154
-527040972
-475861304
-2101864270
404267459
539604895
545555202
Fuzzing time limit exceeded
Fuzzing time limit exceeded : 89
Execution time in milliseconds: 3309 ms, fuzztime 3000 ms
