getInputValues: 2
-70
-37
-86
-10
-35
122
-24
64
-123
109
-18
-30
88
-63
-19
-36
123
-14
102
53
-112
44
22
-32
1484467926
2036314853
1161297639
2016463716
1970366183
1854956058
1206818445
2113009679
1652976600
1743625604
1190746277
1458884637
1429511444
1250811267
1994725336
1460695690
1287847431
2034208574
2107890359
1225239094
1798653829
1537956621
1113120599
1297446283
-1602159508
-1779626380
-2143952392
-1481215303
-1574698164
-1554797970
-1949423477
-1733840916
-1605811453
-1131866836
-1840000665
-1633460438
-1296579461
-1997410101
-1539053870
-1150030121
-1831282923
-1801054988
-1726630407
-1668938358
-1523467697
-1611518681
-2020480544
-1984830920
1324690092
1470994850
1804331886
-1549726759
-1172853914
-1735930012
303202805
-79506933
780716981
2019137433
-72683785
1373035218
-295697104
838597522
713523700
-1242388040
1330152555
151313288
-385560986
1539108771
-2008877956
399715792
-510047010
-571769052
-1665532230
-1832682163
280717932
-692342260
-1510440248
1636391717
1443801667
2006127685
259836625
-1237207114
-603013731
578775006
278151188
-1700964661
-1887848996
480925287
-362847325
901894922
-802638607
-582589570
1561726822
1953686705
1712898049
-1228933975
-832552090
1476190081
2103154757
693535334
Fuzzing time limit exceeded
Fuzzing time limit exceeded : 62
Execution time in milliseconds: 2315 ms, fuzztime 2000 ms
