getInputValues: 2
-9
-55
19
6
62
-44
-8
30
116
-63
-51
-83
112
109
104
-125
40
-98
59
40
92
-37
75
-20
123
46
-32
-89
-79
-122
-115
-31
-27
-81
48
-78
-82
-40
10
-59
79
112
-13
52
0
-70
121
-108
5
-70
-107
79
51
117
88
-65
-23
42
44
-75
1266876082
1752799188
1372767708
1631380820
1619955301
1504742210
1904758348
1092975457
1997333054
1922181060
1198727872
1987047238
1133316439
1979119019
1392598728
1444546415
1961032920
2105359030
1652701929
1878789685
1795534719
1933498183
1163984734
1114333247
1783825014
1278846815
1086331349
1756610603
1418861758
1303832522
2094323695
1459350877
1402775476
1963859803
1559512326
1144651575
1176989507
2016414676
1372695621
1659634758
1706223041
1182143321
1962884917
2069456233
1161563176
1950529854
1582391159
1580305608
1926643252
1359976249
1733627147
2087473417
1927701167
1318410933
1989802053
2036376687
2051538779
1489651145
1948301392
1175849004
-1120620281
-1987857334
-1311922951
-2132458714
-1688827915
-1080613635
-1638869820
-1299391167
-1510094906
-1872279857
-2038186142
-1846681938
-1274901647
-1948677702
-1194523762
-1179299162
-1351954953
-1648315337
-1884630775
-1354297608
-2088938031
-1126630383
-1139509449
-2142355770
-1904605840
-1904073777
-1644980523
-1805110815
-1195372687
-1351345359
-1870301125
-1704071141
-1816490379
-1397054093
-1979382439
-1259270239
-1518599809
-1521188529
-1987188676
-1215278816
-1971246114
-1948084597
-1950790465
-1495761368
-1650206351
-1864128659
-1643854159
-1099559781
-1630140682
-1593244345
-1432101751
-2054421080
-1681003079
-1740584454
-1175669588
-1357598435
-1436847128
-1860037389
-1407162337
-1405057969
1253966706
1433580638
1172255054
651011061
1467867675
-1058872457
-1017162363
-582042681
1639371849
-1175015725
-19298309
-126190070
-861165337
-1856208160
-691058298
-277925716
-1882973928
-2028086183
686060384
1648348618
1099565470
23328731
231534894
654036838
-2031157633
639592120
-523397314
-1162116522
1493345509
1607703817
-25323248
69866623
309172037
1883557129
-179674089
384160323
1435615172
-254303327
1645732544
1604470583
-1100743467
-1789412802
1886612403
-2021706215
-30872538
1540542954
7332184
-591225856
-1653014596
-2004604006
-1599748708
122893013
-1064418980
-257125948
-1321581068
-751556863
488663085
-1880561867
1098679201
1914303591
-298179430
-1436397792
752393270
2050727573
1404880509
542130809
164902487
1258469429
-822763143
-168417661
247502530
1131408841
-1241853017
600520872
-804617837
825296791
-1430564236
1309991816
-607097917
-1648322847
-1425514040
656986451
-1444167439
-1615412647
-627254933
-1391636645
388120933
-856300077
159964324
-1350314268
-369050544
-36374212
1722738722
-1343041730
1882237528
487912138
560552480
643882261
-1607570348
328046708
-1254238013
117789447
-581029292
2085713060
-1728693562
1612093303
1339674339
-1378885077
1439487576
2025362336
103938703
1903649653
232020548
-1116045331
-503198807
-1664501507
10589522
1307877766
-1193580984
2012637954
482332653
1326173486
1979787412
1042791034
2044632069
2003419979
1187960640
100216135
758267702
756463942
-1746235816
1951279528
627972905
487695381
-1936885188
-466463502
542292026
1837766677
-1884250901
1121233278
-1086368165
-1841835492
417997700
172586981
-858707913
-1116127794
-259256310
1204733802
-644309862
-643592913
1616722791
-435041865
59726351
-1450953350
1280439219
-257206836
2038419658
-21174992
691649205
-822829516
-1288075576
228607859
-223614807
-1732995463
Fuzzing time limit exceeded
Fuzzing time limit exceeded : 172
Execution time in milliseconds: 5263 ms, fuzztime 5000 ms
