getInputValues: 1
112
-13
-38
-30
96
-70
101
-36
9
-86
37
-1
36
-121
-85
-46
-124
12
1894256726
1178382453
1235926946
1392829662
1605786570
1171840161
1368819667
1457447286
2138868710
2127402236
1511611102
1467024949
1810834784
1354961512
1911785730
1646224482
1841247622
1261156452
-1856456654
-1294837395
-1263146805
-1837687708
-1238743965
-1951502446
-1661971045
-1753063085
-1600056307
-1257581420
-1483867438
-1541642327
-1151246068
-1352342954
-1762364797
-1815850884
-1362954946
-1436598983
1114333570
-507082219
2019776073
-1837611604
2007067454
339553347
-592702159
2105472428
142447108
-1443842967
-2097425585
-1967915259
1413350835
-1280282497
-1473875858
-1806202704
887547890
1291559890
1666826126
1539487881
223959396
-1784750550
-678037184
232249614
-1213094375
1588404527
-511017164
1177065319
-604551865
85686280
-113064688
-97280603
-1600085959
Fuzzing time limit exceeded
Fuzzing time limit exceeded : 87
Execution time in milliseconds: 3353 ms, fuzztime 3000 ms
