getInputValues: 1
-31
-69
-29
-32
39
35
-22
46
-114
125
-113
10
2061268689
1859462286
1668568589
2107634548
2116147957
1426505039
1233391376
1862453649
1847570184
1727182396
2085209438
1841212126
-1730272490
-1807440429
-1131429089
-2012071690
-1722485535
-1252959684
-1634599675
-2090648025
-1191008675
-1237417899
-1513221394
-1600835787
-773873434
-2099823333
-1989246897
-1206776175
156963132
620640894
122225415
-1616828056
-962141337
872835863
1946922280
1510323314
613770163
2069803535
-1206500359
-38272673
984799867
1370159248
-425621627
-796670552
382596574
-255793309
508794222
720414418
-986670414
981735130
204940538
Fuzzing time limit exceeded
Fuzzing time limit exceeded : 63
Execution time in milliseconds: 2308 ms, fuzztime 2000 ms
