getInputValues: 1
127
-24
-29
-128
-83
97
35
-83
12
-37
-23
-120
-109
42
-110
-48
-49
55
1580028058
2022755427
1828222638
1501627809
1346485910
1750036684
1991835970
1670524189
1473673732
1583162803
1594394973
1896137767
1189351058
1792148190
1797271850
1166205686
1497039344
1518425219
-1687032100
-1599425872
-1295020000
-2057108154
-1627395485
-2104407991
-2114663499
-1273689488
-1347059788
-1839610883
-1500536461
-1108257323
-1328388887
-1817889767
-1478868689
-2075866539
-1979157472
-1146110817
-1283349358
956979698
286184804
-835790636
-168662870
683775794
872285828
-1173854786
1639209770
-1374455252
-2120142965
-176152153
1907204037
-1579658743
-1570284305
-170025168
1590192595
-1087828242
-337727878
-215196326
386344128
-412201836
-150155186
1884350008
-1912062297
-641928681
434602026
230991078
237599033
-1011057907
-1250319638
1852090041
-1709906717
830488025
Fuzzing time limit exceeded
Fuzzing time limit exceeded : 88
Execution time in milliseconds: 3312 ms, fuzztime 3000 ms
