getInputValues: 1
-48
-81
82
-128
-20
59
-68
-121
72
76
-100
-94
51
30
41
96
121
-39
-62
-63
50
19
4
-54
-75
-44
-73
-77
-46
126
1685738729
1848032023
2046194802
1913293781
2119793020
1519196233
1572396250
1599077341
1751438899
1546373402
1580987728
1465740678
1427328621
1591051385
1297646605
1811426415
1308282411
2001749464
1262282934
1826770420
1763944726
1077501210
1687405950
1145838384
2108501228
1530909122
2002459486
1982664286
1966467101
1672190795
-1870243131
-1738349456
-1555422111
-1753732153
-1386878826
-2033892582
-2115299927
-1365716866
-1910598060
-1649643028
-1844364199
-2075302683
-1794404609
-1497782233
-1461945335
-1665279354
-2110441630
-1627427212
-1510709693
-1318906724
-1086880910
-1829202811
-1385481940
-1995204732
-1757266419
-1140049274
-2025451090
-1260745553
-1385314815
-1800573227
-495760665
2002270668
1681811279
-517644567
129694698
68339503
-304906605
-817522765
407961159
-1235925241
-908577721
297347865
2118964718
-574737893
-343113020
-1419448472
1427319190
-1372466294
635924636
2137022153
1997463538
1809346539
-1960307985
1195052300
1237474338
498416310
130277628
234698150
4951404
401391073
1185819898
-728455684
1726793259
1461163982
-1336027608
-944797726
-1932030457
-462900381
1588824098
790286429
-1684675739
222060154
-1355539594
-2083367248
1614913569
-2112363908
137358199
-1337141354
-243206790
-1216904376
-710331056
-1234278197
557462349
-1874655144
1968755803
-466607919
694177414
1017066534
257028019
2075391728
324852435
-1034629684
1471835399
-1721229443
-2135725159
745283818
655834289
323840095
-1262120917
1613109195
1191760646
-1415030322
2052972345
-328576054
-498769169
-409133218
-551828090
1481893874
-1385976392
330464572
-633271331
-469984796
602045480
-315075146
385697861
-431960835
1996887249
1012040448
56798835
Fuzzing time limit exceeded
Fuzzing time limit exceeded : 179
Execution time in milliseconds: 5261 ms, fuzztime 5000 ms
