getInputValues: 2
3.7864452636372237
-8.107232034221497
-208.210088341334
-21.420155142097745
-67.5481437993716
-192.50027827303177
821.4047747786542
0.15064873556823732
6.941882865964357
407.8557700692867
9.806594824095916
-0.043315215793934825
11.573393213920905
0.5308493615059173
92.54048529610432
0.0011746272213104536
1.1979997703678829
4.695058829723873
-399.773001718445
-4.153427695314617
77.82681383767724
11.9252399014849
0.3639779624675302
251.20276052342643
0.31407309916672355
-0.7715841637406488
13.382625608255335
2.1892472302157273
-29.01736836529194
-420.6114888908895
3.6022813755644325
-1.4389853441899856
-6.943021925326796
-13.332618897840407
248.26458715875793
-193.64297895415444
-5.408221566195653
-37.62283804283186
-5.5713464357165625
-0.208744040001675
-587.7777070576119
20.976228819720404
4.232715286279891
874.4359994600893
461.199899524129
52.71878962513551
0.9124336785969538
-0.7666215661282965
30.67947648200996
290.24708881173
-0.585630636819662
412.4997165106489
-20.32841764208399
-113.47719457467304
-57.6941604693928
7.520973109794392
-0.9445752884351496
6.796769324330756
-0.8025038929264531
-21.219607142044858
8.225271198403884E307
1.6630518700685081E308
1.4751229576244852E308
4.695041120467785E307
4.759273591613248E307
6.68076865400776E307
9.002532768622134E307
6.754676691641539E307
1.654067024370043E308
4.012961736476247E307
1.090970421029084E308
1.2715472108883495E308
6.550088897747653E307
7.176707787920788E307
8.258547269077108E307
1.5433344460900678E308
1.3358384434283614E308
1.1020325061422218E308
1.1684195910235094E308
1.598960369580448E308
3.0487148655693594E307
3.4691431221700896E307
2.7158448087747794E307
2.8646321689346025E307
7.279448930430718E307
8.385708846345504E307
1.2483467478612953E308
1.0978587612859828E308
6.014584905129512E307
6.410323506917913E307
3.235309783135112E307
6.780376447830356E307
9.277715766657447E306
1.3970200321566238E308
6.046997398968114E307
1.1888942954323707E308
1.1915736711974219E308
1.6856763111315971E308
3.3880580037516213E307
2.0487926334673608E306
8.380084573676311E307
1.193663376071282E308
1.6135162535468718E308
4.3219937207171995E307
1.733367069541493E308
7.485049625608032E307
7.761989981657921E307
8.563826042229795E307
5.847209690782296E307
1.3780896337878167E308
1.9125402982372637E307
2.504413181302569E306
4.4143286575484623E307
1.282723350560629E308
8.725136664578503E307
1.6679795348489315E308
1.6031368369660159E308
6.498264887549216E307
5.181562253476935E307
1.2557801552023542E308
-8.75488120340392E307
-1.4782572387857892E308
-1.3313198426335572E307
-1.1050262498702375E308
-7.730569738142192E307
-1.3410098838968424E308
-1.678807740810953E308
-1.2662306726825744E308
-4.646028741862369E307
-5.010662410805262E307
-1.6218729509459667E308
-1.0478920831816628E308
-5.746913667740705E306
-3.9872102860008146E307
-4.1385572437728623E307
-1.1683280699459489E308
-4.272485394141566E307
-7.881382693010135E307
-1.2900082540452922E308
-2.0791695595527534E307
-1.1020529207688142E308
-9.883674282021682E307
-1.7297539988563977E308
-2.3662151369506684E307
-1.550640612832629E308
-1.3483085818218327E308
-1.5870497495937296E307
-8.876283027989644E307
-1.9772173606224294E307
-1.6038663282373248E308
-1.2078171909200653E308
-3.9984836407396545E307
-1.286274868538166E308
-1.136343573244627E307
-6.547509833995441E307
-1.3712035276907557E308
-1.1212633363438844E308
-7.216947443166932E307
-1.210670614112204E308
-1.7194631121222311E308
-1.0759081294609076E308
-1.6822736438481564E308
-1.1571953454027806E308
-4.942515830202818E307
-1.2691735837671917E308
-1.1996478270047264E308
-9.882033989385386E307
-2.96224163829146E307
-6.790931884684112E306
-1.5986693600654246E307
-7.562803376895195E307
-1.1761098442251925E308
-1.2432222435195718E307
-1.3316685498968153E308
-1.0706254938734695E307
-1.130481275004354E308
-3.0337981714534613E307
-5.099634316220341E307
-5.800693190087657E307
-7.853468003279513E307
-4.255219244223375E83
2.578598617775835E93
2.7201236987275668E113
9083.073355532952
9.05469504622922E302
7.47568404605828E230
3.9084140393770977E182
-2.901978907756514E142
-4.3509504704745414E110
-8.159050735459628E8
8039.703178166906
6.859930723034709E174
-6.565816486697442E20
-6.765146834528379E94
5.515600028897385E271
6.835640785970642E196
3.0127926799640505E192
1.4277075476851785E63
5.548127288920341E101
1.2844867323245013E291
975.6172826579414
-2.192543701394086E185
-1.465439124663347E187
-4.0309569870005774E164
-8.82624935922116E9
4.056781281068602E170
4.6119025275445957E120
8.008970451899725E140
-3.892158507087946E99
-4.961242784004801E261
-7.194098854784522E273
-5.926634457267006E175
-5.993930616316579E205
8.101252615017901E112
6.924312537686127E135
-6.332005919510027E278
-3.435306765907584E224
9.028587045813962E14
-8.813065632558631E153
6.0564133841474376E277
-2.438884470779603E216
6.802399099428778E147
1.9622655693854298E186
-2.5119064614850283E261
7.665154555767813E35
-4.5559731228017845E299
1.7105232087890545E268
-1.819393239405317E170
4.1969929607622636E27
-23.053859775019703
-9.982206550737344E273
1.2440291261300251E92
5.0911681451910274E179
-6.127122887156691E232
-9.191794432606718E93
-6.9144192719632555E121
1.0984286716078773E185
5.290918594118215E166
-7.55508833298356E232
3.0219511714834502E196
1.653732009118455E68
-8.95448494042378E139
-6.158847140360259E40
-9.438532653770026E55
-8.738175783643366E179
-1.5209573583463586E196
-6.40408889065609E27
-3.344168702003948E142
7.714199742815331E306
-6.385623220481325E200
-2.8288590316738417E41
6.494825651277703E268
-1.735611690387615E27
2.984962286600568E244
1.9930902671459472E83
5.8812021203106795E32
8.8340090107121E258
3.0692968859092465E299
-3.4918484617126156E141
9.39230044299687E24
3.2831520929023063E211
-9.841402709206315E218
-5.3467321806994806E169
-9.411641202335952E47
5.3428559853274656E259
-5.661332027045806E232
5.307365710731935E51
7.1899384039352E239
5.98395919775619E59
0.45703207727361916
-9.04264918996046E13
8.718592964217544E22
-5.695936056301635E218
-7.944556787994239E166
2.1402476366368084E116
-8.99796699879442E40
8.978711453980881E161
9.310635890633778E68
1.3223424716919062E38
7.331658234631598E274
-8.620243731488206E77
-5.3627966958295765E242
8435434.443952851
-4.623339526236441E188
6.361435499570426E11
5.408503436642179E265
5.065754733275532E108
6.1527234269530865E143
9.049936721993674E202
-3.968933996801849E268
8.131849388772629E51
5.807215379983701E51
-1.8844018821465612E284
3.760938750652948E189
-9.305899763372169E73
2.458176408906976E76
2.850762646542644E257
8.787030179971743E236
3.615340004067069E154
3.971847570703834E81
4.952082095098083E40
9.759969533111216E49
-5.076335376677954E67
-8.791030548741952E76
-5.333547535604885E144
-6.588508633540697E185
-9.710683304053516E252
-3.631532708895214E290
-2.904169536897513E268
5.150852134658464E201
-8.797699331908804E105
-3.2024935249601426E279
-8.556746656824867E221
8.082402276752805E264
-7.712651912882436E223
6.467622927232719E69
-4.587660146764146E15
-1.8043482392400424E84
8.20330665839125E199
-8.410423199469234E219
2.4180590773640866E191
4.519662367572449E121
4.4561440233691484E101
1.0676005619375839E175
2.1799994373663866E120
-2.4030661875083867E168
-5.8038115950092894E110
2.3072272112093284E212
-4.535103355452984E170
3.711529752736339E216
1.4253751741138553E194
-3.328215816688779E52
-2.529290006917787E295
3.0418635877606484E171
-4.890929596653068E57
8.357672534441682E202
3.9151565218208176E303
-4.619695287554493E280
8.902132217539005E124
-2.5226855464307195E84
-4.213558210117246E243
2.7423117359513973E22
-3.0802232079655513E296
6.373117048365572E273
-3.413955382428012E241
6.414167400233305E19
-1.530910434658761E252
8.031956811861857E122
Fuzzing time limit exceeded
Fuzzing time limit exceeded : 174
Execution time in milliseconds: 5260 ms, fuzztime 5000 ms
