getInputValues: 2
25.664260112366385
-2.2868509031073714
-4.820138693174285
-18.046453773996774
60.088466724964405
-28.595043362465866
-0.26274411429177413
4.798018100001805
-96.18023508753083
25.04154845078373
-247.7070345537315
-0.2148499377151798
5.1349932006588395
-8.272313280414169
28.641448410254785
-5.838826600427566
4.264418667341127
52.04997564284327
190.126519974746
1.6006829217331044
1.3538967827202304
262.6507110230301
18.152150200663073
-4.314182124179446
5.688738881161813E307
1.3038528111168826E308
6.295036840558027E307
6.079914373208772E307
1.0248112823417948E308
1.1890856895556512E307
1.366607596085585E308
5.868057689654792E307
1.5656355972973784E307
3.5515800216396777E307
1.7214858142595996E308
4.460748446264575E307
3.285183691559409E307
1.9343984082919055E307
1.241424300971015E308
3.607749849796244E307
1.317538924476849E308
1.145185364120464E308
7.5964793819607E307
1.7328622314051383E308
5.21681295091962E307
7.095964376698778E307
1.290000995013271E308
1.7321255916884835E308
-4.975161271537079E307
-6.550693964394685E307
-1.3870757258620493E308
-5.27760763263014E307
-1.5500257159545804E308
-8.603913254135843E307
-1.713666820666034E308
-2.3984511161742116E307
-1.6532183790692716E308
-5.001443093679998E307
-1.5804647554318509E308
-1.7652170605182173E308
-8.95281179099897E306
-4.365699479330439E307
-1.020656777922156E308
-1.4608170212125289E308
-2.9605699196266263E307
-7.534349950124194E307
-6.908682163806974E307
-3.3737033451135774E307
-1.3836342548941711E307
-2.242625592372372E307
-4.3414063042536374E307
-1.1132527067080196E308
-7.80687385689286E84
-1.8597264909836798E15
-1.0547522992672541E122
1.3256774788897119E144
7.533281767279534E288
-3.5266427920100274E100
-4.904379224004989E166
-8.599632518976147E276
-6.859338752125946E189
2.094942243837804E71
0.8843392168286375
-9.469458544353846E181
4.944722401983228E205
1.142943581661967E251
3.5900218144181036E38
9.899836327555282E116
3.5215081265869855E221
5.631989439435493E262
3.6494526811934954E71
5.943156771516575E289
-7.805919145413593E170
-497.3931672045198
-8.169545636350288E14
-6.956236786228561E292
9.187850777844833E255
-5.4693418300814453E11
-7.192678448135443E137
4.144792600876697E136
9.586042284649865E82
9.655512442639027E193
1.4677665762075386E231
3.224734620911599E262
6.882963471530492E299
2.6033124166536257E146
-6.486528376511107E177
2.4893460395940114E233
3.353472871915789E122
-7.701954087078312E45
3.9080552067199846E248
7.140804685729975E299
1.501314794257923E264
6.970741708409607E279
-6.035748595227269E241
-6.689333621513846E258
-4.217515105753228E245
3.43685676119918E192
1.5106901011795304E58
2.6663728241542696E297
-0.8674737896839781
-5.618248150427173E198
2.8855029737948636E138
5.1195120423677685E218
-5.871669082377444E196
-6.650685575099663E40
Fuzzing time limit exceeded
Fuzzing time limit exceeded : 63
Execution time in milliseconds: 2400 ms, fuzztime 2000 ms
