getInputValues: 2
-5.60942517602491
48.214772538265365
1.6314829629791703
-842.6724390986968
-3.063036127600459
-39.56118368183796
236.71084706770156
-201.61957957774894
3.9324950596550123
-3.1145773254179954
-17.58733780446195
-50.060154373838216
-0.11579216276555615
-0.5585622784382176
134.28748863574253
-0.4632492404286024
596.5438916922536
-0.9074930244278813
6.674632333207009
4.300865104253798
46.64336106659571
14.782976296699132
19.79314459559552
7.240449661466939
4.421985152839497
-1.170314979731374
-5.59085653079929
54.96423481902508
-13.957716418959045
1.7934211498949484
106.81545159467025
25.303874012555877
-0.1874814342644423
23.642990059277327
-24.476307790258318
223.0997147849389
1.6824645995610744E308
7.224698633211065E307
4.949289025785917E307
9.265938302588922E307
1.1672780838872279E308
9.108154896634687E307
3.9691558818865375E307
1.6363745499715172E307
1.6887891740960294E308
6.199889108359765E307
1.0203681539461274E308
8.899133572647644E307
6.166279859987761E306
1.2301375541916254E308
5.437949533102398E307
1.442000448770508E308
1.08064306013952E308
8.923886684333161E307
1.4103366563687606E308
4.669574480941343E307
5.553043714390075E307
1.7773503188927774E308
4.407017292326911E306
6.138393825709022E307
1.3371004196162465E308
3.8994338099873706E307
7.410588229362906E307
1.1956441331221354E308
2.293270175586086E307
1.2462419940369136E308
4.763367992526839E307
1.6436716886528468E308
5.528914175356E307
1.209028727257302E308
1.2070164008902987E308
6.148551170220802E307
-1.7378850357403303E308
-7.008470084687114E307
-1.3846037494074124E308
-1.1340534904847138E306
-1.1080720151456908E308
-2.251200958541695E307
-1.4201957277489584E308
-8.136249064470314E307
-8.325462167788012E307
-1.259759667053856E307
-7.717251437526901E307
-9.095449685401808E307
-3.9530857036845916E307
-1.6489827653753778E308
-1.707193593165017E308
-8.716038811359948E307
-4.269445899256639E307
-1.1484344131865008E308
-1.399324596146001E308
-1.7422125004622434E308
-8.633707896914515E307
-1.3185380024646134E308
-1.7388616652475015E308
-1.2664764330868839E308
-4.918315774833396E307
-1.477589627340259E307
-3.193180285943239E307
-1.3751140248906282E307
-6.078217249394647E306
-6.887714399902446E307
-1.3497835187059298E308
-1.1096996786409799E308
-8.231855861316213E307
-1.10149547731207E307
-2.7532101050435903E307
-3.122912966195045E307
-5.016353527756384E74
-1.9878485807613144E140
1.0475015186755609E80
-7.830865476381242E67
9.14400239275801E288
-6.532124158006519E116
5.357579282622139E239
9.924984168950008E67
9.512191931364633E217
4.769216583036504E39
6.8330254771915E247
1.1268488309614477E122
-6.81845730149914E99
-8.828724051503214E231
7.926084068878085E55
1.039649776078706E71
6.192475997809089E65
-8.666336067683355E218
9.415519756844459E27
-3.1511558167806916E125
7.649225109750225E253
-8.056082163833142E76
-3.917515134580807E286
1.7649908325203924E70
-6.0816726617407554E280
4.618839594799798E177
3.0465655757689746E168
3.847070732195101E29
-5.404819915568768E227
-8.769903302348149E126
-5.842754509111202E42
-6.920014852849471E32
-2.5468865276269445E33
8.968440703411672E108
2.199458951169394E179
-6.638343191576235E198
2.3154909713367E228
-3.1516358633250483E126
-3.149576102327063E14
1.7727224593681033E80
8.126595472115713E201
-8.736339126242433E259
-8.51808194649073E161
4.0679215304188986E132
-8.91605699194817E176
6.071034437896533E304
-4.948737153737173E130
-7.611745108875205E69
0.3637583229638591
2.7209370801414145E278
-9.812748469808476E293
5.5069974537455614E250
9.084054099792932E208
-8.469032338800622E229
9.007203499364502E99
5.820049387616922E159
5.290021251645008E246
-3.415870133943488E168
-9.151085651284431E223
1.9343643864989644E174
5.273194053774084E127
4.060927251698317E147
7.18668722743276E100
9.609948690689783E181
-8.372729746732217E54
4.748348704952442E159
Fuzzing time limit exceeded
Fuzzing time limit exceeded : 87
Execution time in milliseconds: 3369 ms, fuzztime 3000 ms
