getInputValues: 2
-14.961594082836953
-203.07730179773273
0.2738712435927375
-3.847662948078705
-0.5629591427355605
27.66752637524841
10.0721935944206
-16.698433814434615
-308.3062563898076
-61.60469559616313
3.0055245348575035
61.70675498656696
-119.58365968403984
92.68709829695769
-9.49161650957673
0.8654386762543469
-1.4276186160013755
-1.263438708073287
-1.26355533974956
-6.705931669238658
-7.251531352766712
617.9764410439054
-184.37743894981145
37.38651329603937
-2.80083913231536
-3.8581392580207816
76.13731020593643
-24.331953858099112
211.47286591697375
3.314067326612802
0.038648797300103066
912.3193745487049
126.37284540977147
33.588649942652765
-59.63449144819494
-770.7157422548012
1.6146876060452204E308
8.255953608472776E307
6.762991538744801E307
7.507215790328209E307
3.2524787839476486E307
1.4405666979410032E308
7.686129653906388E306
4.736066067748368E307
1.3574163752602097E308
8.109150289922422E307
4.0372199804769415E307
9.569869005418442E306
1.5513175359907512E308
1.618704061816641E308
3.217931600603409E307
1.6153191513629127E308
1.5562067114056404E308
1.484471500250927E308
1.2320739674150442E308
1.5414439567713596E308
1.14042851628942E308
6.063632458189544E306
7.599485139704005E307
1.1592231092867794E308
2.6163686884708193E307
5.206951200452358E307
5.504935828823169E306
1.5776195131574689E308
1.193190413956227E308
8.124658190648917E307
1.153163948372125E308
1.7838787214140714E308
1.5886439315192278E308
5.054604701784051E307
2.846904670866417E307
1.5473419497555635E307
-6.283289632522197E307
-3.4052669807084457E307
-3.1953783837921863E307
-1.6849652439323455E308
-9.783114609004813E307
-1.4634003322315782E308
-4.955208407853343E307
-6.275414621791553E307
-5.3644426571941E307
-1.0781631527926717E308
-5.672445049311403E307
-1.7783237289743604E308
-2.33500091189357E307
-8.80132710387292E307
-6.580782307895101E307
-1.403946440056716E307
-1.625589565109479E308
-9.734156471404222E307
-4.7907194258549486E306
-3.737238250268405E307
-1.2085726087011463E308
-3.0836085751926547E307
-7.051882010229744E307
-3.794087437417102E306
-1.3787550484329636E308
-8.514215572350135E307
-1.2436987519236153E308
-1.256009779292229E308
-1.450638025467235E308
-7.554163923702678E307
-3.2349264672401044E307
-1.6203981690329392E307
-1.2546479299425427E308
-1.769129807783605E308
-6.213192179246581E307
-1.5814722125420456E308
4.791913804936943E241
-8.111220735290713E196
-4.408145146673258E47
7.951132169955357E165
7.250970835803839E151
1.4780563555106475E298
-4.350567053646007E231
-3.7070772697367227
4.9240506245793634E249
5.703924877433075E226
2.396869317348027E150
3.626024651384321E169
7.915634851960867E91
5.7837297922269474E200
-8.521916831587146E116
-9.666677767639907E43
-1.9477475674544486E179
6.9149026495216605E208
-3.28461268391857E217
1.2618796615120221E113
-4.8812107185260136E156
-8.535878857212691E259
9.741282298026496E203
5.878979728311931E238
4.213278292879951E224
7.02729462603212E237
9.969044692351678E205
8.793500760681145E246
8.79683273137886E130
-6.8024653266202E236
-1.5507314672905414E100
7.55301989441477E119
-1.0136683738299822E165
-2.01371063048196E115
1.8729147665907344E293
1.9076158329471126E256
-5.785156752653818E278
-3.601083796838526E135
5.886102641924951E99
6.083514510144597E203
-7.40122379244732E152
-8.910072786437131E272
3.096213218391124E14
3.1764844182152987E103
-2.0105347241689752E87
3.604833619067594E7
-3.862343151221637E213
-2.6415474750331924E281
-8.800226318488095E89
-8.103516577797581E225
-3.1073943108200462E174
-4355564.7859171955
-2.036255301953549E22
3.262252903737716E53
-2.036429300531406E114
5.2292601194250794E67
-8.70447066483873E279
2.5343571454249337E42
4.973661996961398E271
-6.845246040137753E243
5.970843831845565E65
-3.313151163151462E273
-3.904416691077633E237
-5.098612314244346E223
1.690131316857014E65
8.812115828223323E110
-6.130317812285065E93
-5.3166410093629545E244
-4.0342621101394976E189
-7.827488637022677E103
3.8695560397657093E254
8.834208574959728E190
Fuzzing time limit exceeded
Fuzzing time limit exceeded : 90
Execution time in milliseconds: 3347 ms, fuzztime 3000 ms
