getInputValues: 2
-2.9650931335668194
1020.5053668982683
-473.4923964009303
0.4011113715048735
-1.8691009738194795
-0.6292356027742712
-0.6163218922331634
63.72297244802296
4.797283229557596
-9.49319834278693
12.58979292595628
-229.56316434319257
-14.780677054095914
-1.2327288926823337
3.359695922035627
-97.98984141438643
0.4442252704507019
-19.557627381382588
-28.13294214290198
37.12445781707774
-29.01653090085889
7.437050361863584
702.6794603022798
6.568987741368536
1.7648906940994145E308
9.092375579756575E307
1.585627227361701E308
1.1120323920890492E308
5.567616514181168E307
1.1564195090099148E308
1.3485901541291175E308
1.8508325164268976E307
6.658305702309162E307
1.7183036700024272E308
1.4046793392643988E308
4.625234236120763E307
3.330862908595257E307
6.031432864006889E307
9.709540957920662E307
4.346607155924247E307
4.29251774904641E307
6.962724441078194E307
1.0627720350601623E308
4.0383728116479993E307
9.303113267994446E307
3.2683575404452037E306
1.408775330219529E308
1.7488694800144768E307
-9.423043902591773E307
-7.176467228641621E307
-8.234339854970371E307
-9.439246614052528E307
-7.9976903446533E306
-1.7452582441771067E308
-7.124510553040766E307
-6.284176861942228E307
-1.1843854855223388E308
-1.063553015973239E308
-1.6251512238374235E307
-1.3117028283216442E308
-3.733450484487946E307
-1.3763370667626419E308
-1.0096776929319345E308
-5.165826446919779E307
-1.3890341921152507E308
-1.1112358396744505E308
-7.317378376348972E307
-1.242112846598927E308
-3.409140709595235E307
-1.116724608536365E308
-1.0680325646277198E308
-3.9574798784764003E307
1.4237410894908896E306
2.0184778696974013E112
-9.60613602722813E204
5.756491629180138E228
-1.7714467762303964E165
-4.967154916710304E134
-2.5757919158596453E44
1.0205012321763972E50
5.0291119366508E209
2.8039811612571906E45
-5.735241930851517E290
-4.567633640941233E53
6.797945668597446E27
-8.382047446699925E139
-2.2325762303591455E222
-2.223321780246574E193
-3.139036307449049E243
-2.499094947077172E13
5.12023332840945E296
-1.7592802957886044E14
-3.471233003855674E34
2.6014107269185683E287
6.517837421982096E257
-6.335060179173663E202
5.149326033548344E155
-4.019679048958055E275
-7.068612553747222E82
2.774195257077652E179
-7.57408812792642E137
1247.8521906004892
-4.790939568576805E14
-9.401508486413145E124
-6.185737512254166E274
-6.82090207770143E97
4.926617984897781E34
-6.681356037784913E31
9.192386355782955E220
-9.074915400752248E247
4.887391958975697E56
8.290833251459269E100
-2.3850385243801683E259
2.222253746611009E85
9.01308200144124E193
-1.1321299478202385E85
9.890695795127121E107
2.2183376537843733E216
Fuzzing time limit exceeded
Fuzzing time limit exceeded : 59
Execution time in milliseconds: 2319 ms, fuzztime 2000 ms
