getInputValues: 2
-10.22818090252711
-106.85849120161512
24.600478608011805
118.66968655134073
-3.415571901163112
110.51569437451295
4.159704549029958
-15.41721235153287
-458.1724148172443
4.942411336699713
-0.33411885341208714
-0.4040539387179012
0.5732029874598297
-1.459519339291061
-31.329543044101552
-1.0378015964917262
225.16547435305716
51.0845206769483
-7.0836181926964965
1.5285101525215865
-768.5420371380374
1.1084378638486623
-0.5310858305757555
76.87042237164769
-14.979925338161468
-127.4483915038995
3.651081152436419
6.441605356181521
-181.6909206677003
-156.67473516664955
0.11521805843437427
-159.02965152017578
59.01718641012263
3.0809727698160714
125.73561427477742
0.6995530641860042
-160.27550301084165
-23.1775902478881
22.514973124956807
4.8022958105412386
-8.380135708430334
-0.49798861526651206
1.304971535957261
1.8988434796616516
107.3497911030178
0.974433366169436
0.615094737650754
905.0820470180115
-0.695379005251143
12.50268377319966
34.15811877070502
62.031672150849175
89.63609081226548
-2.422222810534919
-29.266560746105554
51.8704628049998
3.0221431065237576
-337.2892466545405
0.5867628210552851
71.36951846147007
4.970518950089309E307
1.3492991447627054E308
5.510065393802789E306
1.5278902830292155E308
1.3040757264946855E308
1.487303206341465E308
4.754718877200735E307
1.0208633992890298E308
2.985802827586808E307
1.289858415408451E308
5.476761851125117E307
2.282596209844578E307
3.302006963235691E307
3.252298787951012E307
1.4581665670102273E308
7.914308595766698E306
5.623875754487876E307
1.6160352290756933E308
5.227786044096196E307
9.73134706991656E307
7.908385324692484E307
3.7613062990480873E307
4.514354698591792E307
4.4224734179972725E307
8.306599259346931E306
1.3200027815548055E308
4.1591004854082136E307
1.300793244896495E308
2.0213161844069775E307
7.976680453578291E307
1.981230949413625E306
2.5588067221481575E307
1.3044988089725361E308
1.7205249289942093E308
1.090552241027432E308
1.5595974513705368E308
5.584151182404178E306
1.7297676014998772E308
1.5380056930164036E308
9.713134167583633E307
3.4547781583764874E307
3.9419960042652706E307
8.442808245436256E307
1.773927010882548E308
8.532284656300389E307
1.7403201844238418E308
8.39843176161611E307
6.938961009388543E307
6.461028635009298E307
9.274404312172635E307
1.4247195641659955E308
4.0739965899931875E307
1.555557336157859E308
6.705187368397562E307
1.3409136507405261E308
1.7370588879784775E308
1.6124980837069238E308
1.1471989950527566E308
1.0345693824609932E308
1.3440887904324506E308
-9.509055208052711E307
-1.4048981505261441E308
-1.409553033987839E308
-1.4842503913836375E308
-1.510158107228687E308
-1.6385832488806582E308
-5.563919637816709E307
-6.408142035903182E306
-1.4034028750882923E307
-1.7500214833485252E308
-1.5641632837779247E308
-1.4096119071874917E308
-3.623708674906979E307
-1.4666300680682405E308
-5.058985750854953E307
-1.5420433630332793E308
-7.43385903847219E307
-1.1016718982626816E308
-1.5395790297679924E308
-1.0544834888085697E308
-4.89474036908131E307
-1.271413920897511E308
-1.360983631803605E308
-6.792438616810584E307
-1.6017141771804204E308
-1.0845905327558686E308
-5.819990990510174E307
-3.1660726475115052E305
-1.125896623504777E308
-1.0491940578469207E308
-1.1507501732033952E308
-1.4045760728200732E308
-6.063969410521997E307
-4.4708705010236066E307
-1.2265950618728399E308
-1.7323034810092575E308
-1.114508646945108E308
-7.63546325155348E307
-1.1030102639082823E308
-8.615637790462E307
-5.055237452262236E307
-7.236262479646817E307
-2.0182202184073293E307
-2.2921100374252617E307
-1.4404899957712754E308
-5.379991234741797E307
-5.070206503251706E305
-1.5245364669197032E308
-1.1263051702057719E308
-9.768051770939775E307
-1.7415372312611962E308
-4.238769245675517E307
-1.3737883940198919E308
-1.2433455684284147E306
-1.2737856381732306E308
-1.3820579327826426E308
-8.181295808476884E307
-3.2830305413094547E307
-1.0205170035242E308
-7.882301033567941E307
4.860910936266124E188
-5.116687812946071E121
5.890935197629294E288
-4.70521013847105E264
-8.241638199998604E220
-4.23393205139948E141
1.2514109025245103E250
-9.307939615034593E28
3.8559379506779773E74
5.758276866469534E12
-1.372869086114079E224
5.5459101574440776E247
7.073221589636039E50
-9.401009728097262E203
-6.39015822375329E284
-7.03574016764439E176
5.570867082566883E230
-6.627579526797635E78
-4.5948486106210465E62
3.3036902244691833E302
-6.261985752535954E96
9.21820503981575E284
9.496362712785688E267
-9.738109840911686E255
5.1168659067717E87
-1.2397403143168706E125
6.59318447425714E126
6.066734215305868E114
6.635904703517866E145
-9.311607265614443E270
2.861967945626598E250
-2.56955297668523E180
2.2318447688721864E254
8.548606123716468E112
-4.472352077091183E185
-1.471877376074161E258
-9.27912078590764E50
4.0634214022691627E102
-7.352963045177364E209
8.214972789605606E217
-5.088136663821366E301
4.116303723937509E141
4.79274891224379E139
-2.9614879231607993E35
-2.56227992501767E202
3.862029256803772E84
-4.056462130717625E270
5.752036331868252E261
6.795487435865151E71
-487509.06087038293
-5.903762897937425E83
-6.353317504233104E198
-4.3681781342368895E290
6.723618009449517E67
-6.63809704258752E259
7.831899691399267E291
-9.599358609429213E298
2.796186114781507E298
-4.2221538061749876E101
3.46075098280733E178
4.512721583410611E229
-6.9265867363077485E53
-7.791387493489107E52
-2.11921062440679E217
-1.7745435215253124E10
-5.1860423102596467E17
-9.455746968483059E209
-4.476583806137957E214
2.3611977708185606E147
2.735105980399657E281
6.397424643999745E161
-3.426836990428083E109
-2.2140950420436214E299
-9.121540494829945E199
3.772439929272057E196
7.407202272940131E151
-4.639860704477563E97
-6.417867320274203E259
1.4238669209743204E195
7.73350690365767E148
7.713567191610955E98
-9.146110835569304E33
-9.914520929226218E58
-3.585038918235905E190
-8.442827485065678E174
-3.3559876261307866E230
3.886915337959468E173
7.7175971779011482E17
-7.950567751288533E35
-7.239348308922838E251
-3.2583007833453184E186
-291668.04330101516
-4.4342875570664677E83
8.163688742447901E188
5.258600906407975E179
-6.186209856034251E35
3.1596237267543594E280
-3.507538870850399E217
2.819055843958171E304
1.2012889133256564E145
5.2460255967088715E35
5.1805462801671366E219
7.319385404291996E102
-8.262124603885915E175
9.502360188510948E168
-2.1106323735953006E302
-6.201285550480764E145
4.519333831194171E233
4.070254683941452E134
2.2840509373989293E136
-8.456072298365476E166
4.2243120648631036E58
7.1329907744847655E280
-1.6121150189524193E257
3.4942800210648625E128
5.691637334906624E235
-8.447764303295144E221
-3.022481380074594E263
1.4050338550460385E169
1.1063235260344839E232
-5.959120823592938E294
-4.6427297072139607E98
-5.113002380002892E69
-7.808733400363151E222
-4.251379671861619E167
-2.068090843213005E112
7.440747659888006E290
2.1899674766264286E252
4.097862767748143E62
5.393127568278995E88
-8.58428231911617E49
9.830536586571991E102
-4.86473351197441E25
8.990604994110325E71
-2.0096467924774852E282
-8.015135950260853E212
4.0272654959352694E306
-6.420367835475498E137
9.278321861702019E235
-9.256326579299153E34
5.563500450752967E25
-5.351033665155999E224
-6.809282539162433E83
6.959944457422527E294
-1.4330537415520883E233
9.877316957858542E138
-8.551489366163123E246
6.865042338886935E15
3.049042622376347E98
-1.157944446182524E170
-3.312799122077066E205
3.9118275144106926E259
-1.750681739844896
1.4619271048389348E204
-5.038578599163578E263
8525890.695118725
-2.846235767072336E177
-8.391147752870046E279
-2.7387223071057476E302
7.38507978074886E160
9.402699590817208E257
-1.8682947176069885E284
-1.8799968753487464E245
9.079266334391997E149
Fuzzing time limit exceeded
Fuzzing time limit exceeded : 172
Execution time in milliseconds: 5242 ms, fuzztime 5000 ms
